20 20
    3 4 5 30 31 32 33 34 35 36 64 4 167 139 3 1 0 5 4 3 
    4 5 0 58 59 60 61 62 63 64 4 167 139 111 1 0 5 4 109 108 
    5 0 1 3 4 5 0 1 3 4 3 139 111 6 0 1 0 5 110 109 
    0 1 3 4 5 0 117 0 58 3 1 111 139 111 1 111 6 0 2 110 
    1 3 4 5 0 117 145 117 0 1 111 139 140 112 111 112 7 138 137 2 
    3 4 5 0 117 145 144 145 117 0 6 111 112 111 6 7 6 0 138 0 
    4 5 0 6 118 146 145 117 0 117 0 6 7 112 7 6 0 2 0 58 
    5 0 1 111 6 118 117 0 117 145 117 0 6 111 112 7 6 0 1 3 
    0 58 3 139 111 6 0 6 118 146 118 6 111 139 140 112 111 1 107 108 
    1 3 4 167 139 111 6 7 119 118 6 111 1 3 139 111 1 3 108 109 
    3 4 5 30 167 139 111 112 7 6 111 139 3 68 3 1 3 4 109 110 
    4 5 0 58 30 167 139 140 112 111 1 3 4 69 68 3 4 5 110 2 
    5 0 1 3 58 30 167 168 140 139 3 4 3 68 3 4 5 0 5 0 
    0 1 3 108 3 58 30 31 168 167 4 3 58 3 4 5 0 6 0 58 
    1 3 108 103 108 3 58 59 31 30 5 4 59 4 5 0 6 86 1 3 
    3 108 103 98 103 108 3 58 59 58 0 5 60 5 0 6 86 87 3 108 
    4 109 104 103 108 3 1 0 58 30 58 0 5 0 6 111 1 3 108 109 
    5 110 109 108 3 78 3 58 3 58 0 5 0 90 0 1 107 108 109 110 
    0 2 110 109 4 79 4 3 87 3 58 0 1 0 106 107 108 109 110 2 
    1 0 5 110 5 80 79 78 3 58 0 66 67 1 107 108 109 110 2 0 
